3926
8757
7047
363
9557
3143
7293
5498
6187
5681
8669
3692
903
2417
8065
4785
9444
8841
682
1509
7617
6647
9364
4511
6936
2065
219
7754
2634
8463
5294
6648
1770
9289
1598
1901
5242
337
2401
3338
1991
6168
1114
4816
9661
3292
322
6185
4460
1315
6918
4508
5559
2439
9721
2028
2795
6178
5401
2441
6114
4974
2728
3876
5833
9594
9099
550
1099
1349
3069
392
6990
4011
5644
6001
5121
4523
2286
850
7216
9762
4191
8298
413
9386
4356
3225
8593
8391
6765
5026
5605
2932
507
8106
3460
3656
4840
5247
7865
1424
3371
9068
245
2377
2137
3370
5231
1436
2933
772
3294
6857
669
4593
4909
5434
7597
9449
9356
7112
582
8934
8426
6194
2124
1431
8230
8451
279
1991
1967
9567
7669
1054
7370
1695
1509
7936
6207
7277
6120
9611
5122
2203
1350
3934
7124
4469
5852
4338
9746
9102
9338
8179
5836
9726
7423
9414
8003
9681
3700
3969
1148
1868
1797
9241
5579
2571
816
3603
1746
9007
4551
2468
1013
3999
3665
3036
1914
5162
9600
1198
6601
7200
9380
4941
6132
4397
4293
3725
8138
3276
1884
3014
3394
5463
6213
2068
5574
5373
3950
7788
3596
6619
5021
7234
1433
1328
3569
2185
2919
9511
9711
9002
8917
8614
4136
2241
2944
4542
4413
698
5719
7590
4218
8919
2523
3765
1713
8738
7794
227
7493
5048
1170
7822
3334
676
1500
6549
5089
2013
6826
5404
7006
4643
8704
3253
7600
6692
9831
8804
7297
2090
3742
7223
729
8463
541
3444
3771
9644
8378
1091
6979
6124
5769
3393
9717
3412
8819
8138
6588
1601
7023
8251
8634
1674
63
3255
1122
2130
3776
1002
5179
4336
4894
9909
8909
8738
1714
2030
8132
449
1157
8072
7236
3425
8061
8329
3883
4277
2674
5860
6117
1137
2178
224
9037
2806
8889
21
5703
141
4918
8114
2872
1405
7747
9885
4846
2659
7649
1683
1560
6445
7201
6139
3068
8602
6180
6430
3065
7995
177
2157
272
2169
8674
1096
1762
2907
1197
7294
9146
3100
9665
2907
8034
4789
8620
2810
6838
3715
3717
9880
2877
9552
5684
9470
3559
1838
9276
9938
260
9660
3192
7282
4870
2814
3655
7039
503
5297
2490
881
3389
3243
9156
5961
3078
4571
7678
8460
86
540
8728
1675
299
5022
4402
9837
6882
5368
55
5144
855
1731
6235
1384
9076
2841
4616
9990
5588
7115
7307
9117
1975
5079
3326
4039
509
352
1720
1041
2428
3076
1471
5876
8889
3672
9469
4828
1574
2261
7056
3609
2641
6533
6759
1112
130
554
487
5841
6610
6728
8918
5835
4895
1908
2143
3267
3660
5863
7777
9282
7773
1055
994
9357
643
5306
2191
3259
9227
8472
974
8237
3275
216
5262
2910
2663
8885
4179
2444
52
1874
6916
3580
776
5525
9072
1282
9864
8328
5131
951
696
8828
167
9521
6405
1685
8206
5997
6643
7499
2427
3136
307
6956
8282
8724
1310
3220
8290
105
5258
3767
5442
9477
1632
5390
3714
9980
8348
7028
8192
9878
5503
5663
4209
2317
1421
5081
221
2970
9797
9921
6065
1923
9422
5350
1844
3415
7951
2642
8534
1110
3651
3825
8540
4455
8909
1956
1161
2459
7930
5277
8550
9385
1744
7530
5199
3078
9909
9584
1691
9416
4176
4393
9547
5451
3001
6689
1685
2897
7192
6150
4516
1957
8324
3848
6886
3036
982
8215
4301
5459
2087
7008
9585
3542
3121
7182
7900
6513
4814
993
9045
4044
3807
8961
1638
2037
6050
4887
3341
9117
1585
4651
1950
7516
224
4122
2429
2392
2467
9118
7534
2758
4740
2499
5801
7804
3971
2747
5250
4295
2120
4045
3391
2781
8064
1802
4435
9324
6220
7360
1642
4995
4665
7123
7635
5535
3234
8021
2275
5036
8396
4952
4971
5599
6555
4036
8922
7990
2151
5913
8001
4135
6775
9113
2300
7622
880
416
2581
4509
5942
8358
935
2260
114
517
6322
2343
216
7199
6659
2009
7005
1820
5703
371
3192
1843
4504
3053
3625
4007
6272
2938
9035
7254
6559
3913
4205
8518
8670
4101
2981
4324
2414
2822
1214
6418
3463
7733
10
8389
5425
2823
4912
3783
8186
6691
4180
4244
4901
358
8448
2173
3899
4614
5679
4552
4359
6747
3408
6116
1058
9481
2601
4449
3482
5642
2778
3850
497
5974
4860
235
3380
4776
7875
7365
5157
7620
6999
2056
2503
4426
9493
4372
2567
6851
6367
425
9004
5420
5892
9643
1479
9538
1522
4974
5778
8161
1936
7359
9523
6679
1128
1796
5033
5908
213
5752
2129
9351
1509
5753
532
2842
5694
26
5959
8047
6350
2662
8021
475
6056
4750
4310
9987
521
2408
2758
7892
4470
2654
9599
3908
7436
963
3478
4342
2016
4854
9210
1952
4304
6604
9268
8891
5696
8497
886
5514
9828
669
6265
5111
8536
8572
7856
8590
4890
8051
4834
5035
9500
1392
2572
7516
8741
8046
4682
2341
5422
8359
3597
8389
8278
3196
4319
8890
3311
4154
1674
3345
147
6477
846
532
5858
5094
6341
323
3865
1912
5087
6807
3750
6638
6498
3026
2537
5585
5611
9280
5320
1222
5897
4897
2001
6447
6663
8264
8644
9584
1858
2852
3753
7906
3153
8491
1300
6469
9089
8309
944
1578
1830
3782
4638
9227
855
6668
6831
1550
3313
2712
5095
6154
7686
858
6252
2795
4056
3581
7799
4524
3015
4456
1268
8847
4746
4644
6285
2150
3258
6827
8463
5213
9971
7506
5831
7078
1728
4439
8166
7249
5653
606
5559
6717
4032
7877
1564
7884
2785
3550
4930
7803
1197
3264
6818
5759
2318
5485
3946
8932
8166
8106
9622
6515
3609
9823
3477
8257
9547
6707
447
1567
1262
6566
2758
5385
641
8693
9997
5527
1667
467
4017
1963
4996
6536
7648
8533
4496
6564
1899
5334
3868
2093
6415
7659
5378
4614
4420
7580
5062
2478
8285
9165
6458
2616
4070
4917
5952
7513
9864
3246
3084
8740
3697
7681
3468
8146
94
1352
3195
8635
5257
475
1506
9096
1763
4080
7758
5773
1636
2905
8325
4675
4682
7306
3783
1622
166
4574
2165
4582
8265
6685
9489
6725
9781
7002
7007
993
4573
2323
7498
833
8943
4917
499
2650
2195
9772
7497
4145
5182
5966
9653
8121
2060
3974
2892
1314
7493
2171
3303
5838
7097
7421
7178
5283
2304
617
2703
1762
6025
8991
2258
8781
2841
6690
8055
1858
4548
2818
5753
8383
1708
4372
9103
6209
9842
6106
5287
3639
1535
4195
1755
7394
6689
6020
7644
8992
9032
5441
369
9461
8591
8197
5035
9466
2846
2744
3166
1308
1061
5513
5439
4272
582
6394
2876
1160
9640
3851
4341
2380
7775
1112
8239
8977
4993
9514
6359
4262
6592
6667
7915
22
5882
5665
368
7206
3788
9480
2049
1531
2030
2370
3673
8757
8362
8842
8197
2436
9050
6097
4156
4320
9963
989
4186
1813
6084
4720
7832
3024
6269
9822
1330
4162
4794
4491
5845
7027
9713
7639
4214
2501
9910
1093
8109
3766
211
1875
3310
8868
9998
6962
127
1822
4271
4788
2985
9666
7525
2336
7145
1140
3633
9726
7961
9168
2557
8097
8898
2969
6111
9548
6827
7144
8485
8931
5661
136
1776
7418
3300
4628
4507
3161
2297
9080
5562
1071
1969
1811
5643
6548
9565
1154
9945
8736
5174
6948
5610
7419
6037
1839
1222
3671
7617
8380
1963
2382
5695
1604
7101
5720
4282
4982
6425
4117
7602
9270
9804
1034
5133
5680
4525
9606
9808
330
4019
1183
1494
1815
4321
6066
7582
1115
689
5624
9715
9835
5123
6281
6789
4599
4706
7661
204
3511
1947
2382
6243
9487
4946
9288
3933
8509
6088
6847
5892
9232
5800
8082
4986
8570
5268
5457
6600
4466
1936
7390
8650
7179
9842
3149
9545
308
6544
1440
8115
145
8569
1641
5527
2863
8794
1256
4667
112
1969
8161
1613
2076
2453
1422
8509
7929
9493
3995
5329
1717
1905
6067
7617
7620
133
3617
343
450
633
6536
1913
8636
1128
4868
7010
1253
7840
4232
5942
5199
7987
803
9803
7387
9839
7789
1168
7635
3520
6533
3076
7105
4028
1277
2334
7462
4885
1650
1856
5850
6508
4950
6361
1643
8204
9891
8969
2587
5128
7047
1196
1719
2098
5741
6756
9112
3032
2164
9124
5273
9327
8690
7659
9078
9189
6238
4507
2515
8715
9348
1433
7013
8508
9407
7288
245
4981
2783
6786
6230
4203
6699
2863
2606
2008
7457
1083
9618
6353
2345
3939
624
3560
1345
8453
8385
4285
8688
1986
8264
6362
2164
1995
5683
5479
6608
4180
509
7503
1900
4072
7617
2665
7255
6983
9446
7790
2600
60
5466
7712
6446
4810
8871
604
5795
8522
3658
5387
684
7577
6120
7912
3889
4498
2811
5969
7632
9769
2286
4009
6545
5584
9464
5748
9721
538
9653
4375
9569
5206
2729
4008
3211
8443
7334
7171
6040
7223
7097
6272
9337
2781
8979
6510
1700
7583
6397
1724
210
1980
6369
7529
5380
5252
9462
5967
479
3406
9161
6925
5297
8181
8711
3427
3785
2201
6429
1284
4037
7665
8228
6777
4691
2365
418
8233
7779
5031
7928
1796
2229
5001
4912
4688
2210
6549
5966
6738
134
5403
7339
2579
3953
7158
2945
2061
7347
8508
8325
7078
1331
1453
1978
5245
3130
5353
7118
486
8479
5475
2730
2593
892
3178
4536
6411
1646
9190
5956
6198
4317
9736
8021
892
1297
9667
3621
5068
1306
1333
3974
6132
1554
4211
7400
7810
8510
7247
7290
3540
4095
1262
5250
6150
4420
4873
4497
7812
2408
6125
98
8335
1319
9763
8944
6643
1818
3878
2576
4778
233
9990
2949
9595
2889
2891
8577
8551
7385
4989
9268
9492
5232
856
1057
6906
9915
8995
6
7314
4980
3502
9032
6332
8592
6072
3812
3863
5092
6418
3662
7110
8643
9625
7266
7613
3547
3823
2463
4920
4303
266
4514
3482
3809
3307
1630
4989
2263
2615
9625
5707
5964
1237
113
8760
2121
2640
7534
6549
8968
3522
9662
5965
9879
2348
1965
5629
9850
8011
3197
2203
8398
1658
25
8119
5355
6831
2244
8923
6621
4511
7376
8354
3034
5095
1701
8590
2472
9354
4371
9128
1757
5920
5261
6352
6269
228
268
519
4447
7383
8565
3871
1683
6810
9201
646
5948
4130
2004
803
5102
929
105
5128
6732
2727
7741
7526
38
2758
4655
5598
5266
5326
5163
5264
4023
9314
9485
7177
7942
2621
6853
4620
9727
8773
8847
663
4084
4686
7839
2736
1483
2273
1325
8491
8798
5822
6061
4914
7895
1234
9204
1585
4187
5026
8633
4867
3417
1632
8746
3461
5044
8652
5738
8885
8652
486
590
2358
9018
9030
4216
5094
621
5509
5234
3785
1314
597
1195
3689
3105
2667
8487
1911
8960
4369
4631
4609
9271
95
7469
435
8125
1750
1134
2262
3777
3301
915
5597
3051
302
3736
3525
7754
4561
7218
6728
8661
4980
4599
5239
6405
7162
9935
9598
7619
5365
5820
636
9754
6212
3479
985
5841
7256
6104
1336
6390
981
4043
7639
3189
6902
4847
433
1921
1537
934
4036
1162
8640
5270
9302
5507
846
8217
7436
3810
9999
9728
2713
7625
4086
2895
7845
7078
8425
5565
5907
8493
9721
9000
5649
6003
7582
3777
3908
9658
5609
9392
10
1683
6110
3700
6787
1621
6259
2648
1129
906
4932
5651
2335
9328
3797
5669
1513
5166
7265
6968
6916
1676
2144
4146
6890
6073
741
6352
2877
3993
328
3240
2830
9310
7059
7877
9133
5577
4935
8093
9993
576
9264
213
4289
3248
4298
7529
541
4103
2890
5236
1344
1436
4534
2149
5445
8469
956
1526
9191
826
7161
3906
3974
3347
5331
2655
4277
8613
9086
7518
3497
46
663
6281
818
7090
7923
1561
5390
5398
4910
6479
4830
2927
6062
1513
3668
1274
2822
5052
6173
1315
8932
8404
6504
2773
2010
8471
7920
2402
1928
2358
8937
1897
6358
7655
7338
5704
2637
5084
8402
3773
8273
718
4175
4011
374
4015
5327
3905
6199
3540
9414
8350
7005
9572
5759
9939
3122
8343
2457
3400
6852
3199
6635
3476
3301
6659
9502
5616
9609
9894
2559
1913
9003
7750
4368
368
4058
8177
7911
8096
7137
6498
887
6740
232
940
4900
7409
4291
4966
5807
8514
7938
6781
5632
2667
7295
2841
6094
4275
5139
2108
5053
4552
1137
839
6139
4507
1026
9015
8450
8577
7972
5199
4546
3935
1432
476
2939
5073
8582
7026
8768
3982
7758
8383
5365
4769
3206
2148
333
8546
2243
7465
3738
9991
1359
5523
3239
8190
2545
6652
3815
6729
309
5228
5366
7469
5805
5026
8970
5061
1562
3597
8650
2711
2633
162
1464
2903
7557
9258
2282
8293
1118
4754
9542
1932
1536
6929
9147
1648
6214
4173
7489
5583
6329
7663
6604
2039
4702
1395
43
5216
3246
6106
2234
4173
7093
2756
2423
9229
2310
6294
6040
6300
6168
4990
9064
789
1619
417
8299
9173
7856
4904
476
5834
3842
9785
3649
397
9279
3305
4825
4299
5064
5582
2922
7064
3878
3484
6367
5137
5058
6751
9349
651
909
5627
6949
8878
6526
3105
9393
9664
5365
2742
7249
9604
3259
5560
6977
9254
2836
1499
3743
8822
1054
172
3514
5377
8516
6575
9263
531
9877
2797
754
4549
8556
1238
4662
2967
4608
3482
4509
9692
4306
5899
5681
6018
839
8979
1941
3331
6508
8876
1570
6310
5127
5972
1445
4590
5666
1289
1069
5936
1709
2090
6384
4475
4066
9257
8845
8215
438
961
4878
6092
5040
6627
8867
6356
6455
3219
9505
6489
6548
6347
1166
3572
6665
6852
7874
2290
8056
9632
8432
3205
4456
7514
8462
9150
9418
674
6033
1775
3772
7035
9162
8080
9283
6007
7864
6746
7880
4706
2060
1393
4293
3724
8944
649
2664
8372
280
2006
1884
4470
7474
198
2941
2036
8371
8212
543
9135
1731
546
6769
4421
799
6243
6844
4536
5095
9728
4589
6583
2922
895
3831
795
705
496
6861
8996
5436
1597
1281
4117
7432
5276
8766
8649
3326
2558
6380
5303
7964
1874
5380
320
8855
3399
1406
7364
3309
3649
7478
1729
487
7395
567
549
6604
2657
1366
3210
2083
1124
4324
109
1436
8212
4182
4362
4399
3954
5411
3548
9421
5082
4941
7363
4681
1119
761
4786
9547
6087
2863
3218
392
2584
5866
8968
4882
5463
449
5784
1803
6317
8810
7716
9079
457
7704
6977
9543
8184
5787
5805
5702
3779
6920
1130
3016
8920
5531
4496
2459
2155
7994
9414
1327
9373
5077
4483
2440
5551
1846
5639
1344
1280
5973
9220
2308
4892
1065
7988
838
9775
7703
7503
6641
1102
5139
3212
4413
9895
2721
4987
4440
6942
4786
2900
4567
5807
7250
4786
6175
1967
7921
3542
6150
6982
2489
623
7045
5252
5429
7746
2968
8111
2562
7124
2097
8991
2475
7282
1367
3080
7076
7286
6473
3842
813
9912
5369
8592
6964
3429
7757
646
1873
8239
26
2632
6760
9768
1539
1561
6930
4639
4386
1862
1655
8346
4845
8874
570
4911
647
402
8881
5030
7322
3755
3794
2619
6313
4674
5194
9559
2889
7057
1451
3688
6631
4939
2605
5088
6586
6840
4830
4759
3024
630
9134
5184
4851
8141
1266
2086
9863
6777
3110
6886
6445
4721
502
1056
3014
7083
8195
9245
3361
9589
5842
7266
9800
2944
126
6743
9519
8767
1285
7795
8606
256
7389
7167
9333
2279
9263
5980
8650
4821
5424
7075
1607
1680
5212
3849
1101
1349
4806
8485
7608
8146
8161
8466
7095
6381
9504
8376
7658
4208
5287
7648
2997
7810
6862
1635
1154
5984
7280
4606
704
8488
9082
8503
7454
4750
286
100
8984
3794
2403
1901
6920
5430
9933
6172
1823
3900
4029
4734
7977
4015
6838
5106
2080
7940
7173
4919
1195
9772
8125
2870
2684
3545
6014
6897
7836
7006
2047
293
9492
1666
2314
6725
351
6167
7945
5662
1950
7903
17
1596
3000
4614
4801
2672
8579
4803
2230
3987
3180
1551
6118
5918
3995
3562
2736
2801
3866
1570
5674
2374
520
4504
4302
1790
7434
8556
397
6804
8591
936
9256
7318
7644
8962
9912
4216
2901
4823
3921
9461
4008
3452
6815
9110
6296
6072
7144
92
9954
9869
4592
8048
7447
3903
6544
8561
9960
9065
6887
9707
6566
6406
1422
5261
568
1327
3345
6194
8349
2741
3161
1461
7865
3781
7983
8347
7063
1948
9300
5682
8493
619
1356
6464
7143
6962
5482
1516
4334
6144
2414
4106
4062
4793
2970
3925
367
9959
9657
2067
6731
4732
906
1322
7448
8271
7266
6994
7973
7547
8627
188
9778
9909
3687
7653
589
3163
1219
4259
8582
5108
4871
2492
5293
1674
2131
6201
7047
1908
2997
6997
755
3563
5085
6247
8768
4328
7542
2718
9448
7106
4933
2290
5082
2826
689
2373
4800
895
960
4470
7780
5981
6042
2131
6799
8990
6709
70
4631
3983
3484
387
1386
623
5362
661
4205
2951
1066
1524
1275
3159
2281
6455
9814
4536
3802
5560
7826
6653
7317
5222
7174
8470
8945
5681
9621
3183
507
4768
7962
2742
1282
2460
8119
3870
1692
3408
8847
3813
9321
197
4251
6136
4918
3954
4303
6897
5466
1880
4017
7394
6418
8048
8785
557
8075
5168
5339
4779
2293
6542
2400
7934
5159
6081
5963
8134
9501
388
4412
9064
6931
3040
6806
2587
8045
4808
3963
7566
512
6361
4230
8515
7251
3588
1037
6784
8517
6061
9849
4561
403
2034
781
6164
8576
6062
2051
1459
8396
4371
5618
2493
3090
1145
9421
7
849
6206
3980
600
4304
2158
7942
4194
178
5881
3754
9596
9009
8077
7729
1882
4814
2614
3492
488
9001
6347
730
7106
4762
9593
8024
6297
5217
7308
5645
2345
9837
4337
3185
54
345
641
396
6832
8528
541
3711
1550
7555
3229
4772
6133
1250
5791
6408
1531
1307
1744
6805
5261
9045
8256
4568
6833
112
8504
9420
6498
1140
4955
7297
1551
3652
679
6717
6095
2078
9195
3829
8900
7343
4253
451
9582
5338
3900
4762
1313
7165
4674
7784
5194
294
5787
1877
7088
9574
2338
7016
6498
5744
7143
2254
4138
484
736
4178
7029
7366
6466
5157
1863
702
6281
3557
474
6260
6780
4505
5783
1999
2270
8496
3822
7995
8582
7301
621
6093
7237
9856
3575
5264
1831
8981
6981
979
1043
6132
9749
5926
8009
3489
3271
2448
8549
6095
4061
8602
3527
6975
1722
7022
1767
3675
7091
3883
5762
3391
5116
1244
365
340
6680
5476
1542
8744
1389
3804
6865
7617
3022
1185
3350
6377
7346
825
670
6143
6580
6599
1557
1415
3539
1388
617
4690
5031
4311
1767
1828
2214
9942
9802
2154
38
6061
944
5422
1385
4481
6382
5482
7264
8366
6472
3139
4756
7424
8596
2890
6104
7711
5367
4710
605
5633
5959
7943
9951
7119
1606
4920
1095
9089
3061
2022
4331
6237
4647
8440
3021
3074
7863
5270
1103
4126
7142
3127
7330
8736
4080
6659
4514
2014
868
2042
1408
1477
3281
9848
5584
7338
4272
5672
7942
7507
2286
5466
5908
8078
4568
8084
3359
5226
8009
6263
1884
6222
9900
2113
7023
1123
6587
4358
7840
3030
652
1422
7983
7281
2716
6807
4644
8663
7888
9285
6296
2065
8626
7625
1545
605
939
6334
7803
7940
7667
9353
9718
8596
1292
2120
1763
2419
4772
4432
1265
6999
8689
1873
1244
2122
4191
4760
1973
6917
3396
6685
9736
4662
7561
7018
7145
5509
2947
1402
1504
4176
6043
9465
6321
5358
8609
1957
2945
8080
4592
5625
2785
8448
3307
979
5059
6895
4013
2521
7583
8914
7191
1910
5649
3291
5485
1485
6400
5456
8095
8107
2002
1092
5390
6136
3672
4557
3701
6444
2773
4706
2392
5567
8474
3432
4134
5668
70
3405
8550
8997
2661
1123
1305
2244
6971
172
7284
603
2487
436
9263
195
9216
612
5296
991
9681
3892
5142
6992
3559
5506
7578
8457
9045
6410
4305
5172
3062
3967
6631
9928
9393
2252
5172
1338
5559
2203
9727
3184
2597
7560
6355
1001
2571
5820
8085
2360
7724
7737
5708
1910
8123
7597
1351
3888
7076
2065
7934
1448
7032
1439
6893
1671
7077
1043
7919
2942
4041
2644
9256
5345
5438
5724
1941
603
6262
5557
52
9737
7857
5845
5780
741
7212
9297
8787
9837
2004
9777
9265
6910
7734
8651
245
2933
4301
3918
6713
7383
9979
3581
7116
9922
5571
7545
7612
4601
6337
3084
9427
7650
4430
3867
2409
1286
8431
2297
4038
6058
1775
5834
2398
3744
3213
1613
9818
474
5486
8028
3648
9738
6134
7098
3764
1187
888
4249
150
710
9314
6274
9450
4157
7003
2536
7312
6957
2181
9483
7992
1941
8709
1713
9421
382
7255
4538
7400
2151
4763
7945
3595
3075
5587
2548
9196
2140
3130
4882
7707
3691
8818
2521
1229
5623
5774
4838
2269
6134
3036
7262
4153
9146
5915
1567
7750
679
8212
4097
1739
4523
5404
3248
6858
8120
1619
6585
224
6682
5360
1951
5599
906
7892
6234
9057
850
8546
4033
3916
9381
9961
3696
7881
5314
6077
1223
124
2850
8241
3062
5377
3462
197
5036
1327
7100
8761
6486
1152
6324
853
180
6460
9313
8140
3291
8220
1089
9603
4853
5444
7204
9298
1232
9531
5495
2795
3160
8682
6548
8451
6639
5157
3887
8225
4219
6907
4472
6392
6186
3050
8493
2402
2381
5819
7243
2970
9618
8117
2751
1414
3315
5957
6265
1892
4643
6445
519
5591
2888
6291
1467
3430
3258
273
661
4205
3862
249
7202
632
4416
4106
519
5167
95
3223
6887
8646
8294
1870
8189
9481
2125
5148
9103
1919
7482
495
9367
2146
5754
412
2652
1192
7275
8074
3302
9650
3774
1656
4976
7428
3459
3094
3411
1222
9071
1880
8768
7007
8858
8250
5569
8010
6455
7237
772
2611
9513
2841
6743
3047
9714
3140
412
6094
2877
9665
9504
2432
7703
9027
9364
986
8493
418
3339
1220
9529
6577
289
49
2574
5918
3223
3391
6782
4551
305
9850
767
8650
7670
4805
843
3805
8793
8932
1295
2676
6540
5566
9917
2405
4780
1517
5127
476
8650
9926
7680
5245
4699
703
8043
4255
758
6489
4857
8884
4832
2827
6289
4829
673
3458
8462
5078
6475
93
9320
650
2197
6524
2905
132
146
7528
4163
9315
4745
4943
9216
182
6060
8146
4831
8536
6331
9409
2010
1703
2903
9726
5879
613
9556
2698
219
4903
3039
6338
2436
9420
209
7242
9095
7662
7854
1330
2039
8415
8533
4485
7845
8640
66
3305
9152
2984
9973
3739
7829
4262
7723
9129
6429
4656
4812
1028
9941
2369
4980
4928
7914
5849
6416
8852
4155
5574
3025
4485
4542
4781
7181
4620
5038
4435
4365
6422
3369
9359
7882
7261
4504
7140
3583
2319
1676
1569
2190
8017
2148
6367
880
7716
2843
1689
1297
3165
4240
6985
7010
7206
2334
9374
7709
3750
700
8465
8092
1950
3731
6213
7106
8806
4437
5409
611
9159
4330
9728
5714
507
8324
4841
6498
2698
4597
4289
7657
3954
7443
9824
8293
8618
6617
136
6770
786
3415
4715
8445
9396
1972
2604
5248
8809
6435
4623
3131
1440
8018
7260
3481
1237
8127
851
4697
3719
3975
2032
8012
7812
811
8114
4826
6288
7246
6448
565
3322
6927
5601
4624
886
2972
6861
413
8909
9848
9702
9908
7607
4881
4321
2161
3972
1656
9488
7999
3560
6405
63
4318
6790
8373
5304
73
4641
7573
7919
5145
5388
6203
7063
9324
6489
2965
5104
3279
6325
9687
9797
5222
954
2429
3213
5520
5328
3005
7649
4409
742
8545
6022
4485
8077
9866
4217
9196
7166
5004
6698
8944
3370
9870
1302
8040
755
9168
4920
8400
959
3639
619
3719
8867
7462
9485
2894
3199
8226
6216
7139
6623
7889
6034
2068
3284
5045
362
1613
7137
2773
732
5854
2280
2559
6846
3216
441
6378
1426
9500
7134
2989
1017
1256
4831
2940
9447
4575
4137
5067
5265
919
4266
3038
6606
5402
8164
4890
7086
3283
9330
6795
4554
4748
8551
6486
9972
4394
1713
6930
3482
5287
1760
7790
2240
9666
5214
9697
8816
9535
9528
3646
1595
281
9160
9409
9687
3032
8591
3998
8842
7820
6593
1689
6899
3722
9445
8733
1219
4669
423
235
3008
7980
4163
7435
2731
3636
978
156
1324
4720
8568
8250
5013
2986
4584
6462
4159
4738
3246
7608
9911
4108
646
9973
3992
658
3533
3144
4111
587
9275
2030
541
9503
2948
239
9406
3625
2306
2800
616
735
2880
5510
4763
9152
2455
2051
922
1
5377
8491
4402
63
960
8656
9061
6836
5916
4730
7645
4547
5013
4443
5236
2851
3437
958
7349
1312
8979
5636
7851
4040
8281
3434
8378
1980
9328
3809
7025
3563
4317
9998
2999
7867
5180
2679
2499
4555
4447
537
8881
1561
2449
442
169
3031
3040
1960
3735
8263
8996
56
6337
7087
8547
1685
8128
3549
721
3005
2885
7518
2521
7261
6744
5022
3821
393
1131
3386
6536
253
6640
6063
6624
5875
9966
5527
7270
5436
1934
8576
2407
2953
5402
843
750
9613
3662
5174
2129
6689
2482
2071
8057
8311
8027
3283
8396
1968
4045
9553
1514
722
4757
9334
9839
106
7162
6806
7774
9670
9833
7262
2702
3293
1226
1855
8675
3985
3157
6129
7168
1712
6806
7844
3940
8299
664
5109
1991
1717
7518
8132
9705
611
6012
820
1959
8688
897
719
6534
7647
6349
2041
1785
5963
619
4384
5679
2289
3559
6541
7324
5441
7934
5068
4326
5939
6758
5319
7765
5006
4677
9109
451
2291
8989
8713
7155
9244
5839
3068
1818
6997
9183
6005
3478
8381
1405
5855
1362
9705
2397
9048
2760
4989
3209
9450
2211
1308
1344
4977
638
7573
4468
2533
7050
6646
4379
469
8984
2885
6801
2077
1217
9210
4813
1426
9756
7602
6384
8801
6528
1957
3743
5164
3694
8144
9504
332
5239
7720
362
3943
770
3324
689
9985
4132
9487
3041
9921
1489
2314
3077
5687
3803
8054
3075
7868
9532
8963
3023
4192
6722
896
4081
7373
9272
8726
213
8299
4266
2440
8369
8054
2981
4460
8532
1095
48
2329
8463
2230
1032
4950
9257
4140
241
3361
303
4796
7017
9740
1687
6535
6684
4875
3971
2308
4517
4756
630
3269
2749
3617
2432
2144
8699
2490
6546
4555
8666
6905
9362
8741
7377
3121
4221
2187
8086
5381
193
8907
3123
6883
3994
435
793
3219
3617
4524
5689
8531
514
4882
6361
5412
9578
5718
7691
8945
8633
723
2652
7179
4032
6602
4984
5448
2
5884
5789
1028
678
1101
8489
4316
8535
7699
2684
1843
6066
7565
4306
687
3306
6381
6585
7894
6446
3739
9843
5600
5989
3813
6850
6830
4203
8996
1896
5350
465
807
5426
6213
7937
6997
9264
3231
344
7593
5957
7051
2631
4766
2833
3064
4434
1207
6322
8162
3439
8159
1964
690
1038
328
3054
3243
5260
6431
4153
6557
1592
2549
3811
2241
3440
8219
7268
6459
7237
3829
6754
8100
8351
8949
2511
2381
3245
9764
908
9770
8418
7334
7721
8437
6180
6300
3254
1715
6552
861
8357
1441
3778
3649
8491
7277
6671
7501
7341
9484
3508
5527
5857
3839
7074
7029
7382
8438
1126
2643
9960
7791
1595
1031
7172
7583
8078
911
5145
675
8480
4013
7410
2241
1956
3212
4998
6925
5156
4330
7350
6012
3832
8497
5375
7256
6065
7715
5478
33
2846
7226
5011
963
2618
7710
4281
681
6273
7510
5003
3082
2339
9308
9777
6153
2122
5202
3439
1402
8584
795
3247
2681
9692
689
1424
4820
5223
8767
4379
1808
8131
1912
696
2334
5566
6406
4962
5913
1125
8833
190
1168
4676
890
6201
2826
9157
7252
5016
2311
1389
1327
3190
4117
1979
720
4256
3798
8202
5287
4007
5293
3180
5853
8319
3100
3656
191
4372
8276
5328
9837
8869
1811
6151
5869
2106
6764
2703
6034
4875
3024
8994
729
1861
7637
2788
4856
4746
8260
8042
3516
6420
1064
620
3132
9956
703
3465
6638
4906
4539
1311
720
9299
671
1618
88
240
2005
9978
9249
5943
2005
7926
3568
884
7215
6946
7733
7475
6599
3512
1845
125
9354
3
5344
6553
2465
7273
686
2376
3693
3622
7500
3191
9748
770
2178
5206
6937
5697
901
6211
5227
145
7987
48
698
1736
2809
4629
9532
9097
598
6676
2642
7885
44
144
3608
7849
8293
8924
7799
6183
3123
7636
4960
8659
4008
5377
9986
5944
5542
3557
4329
6525
7123
986
2281
9872
2706
9864
3374
6652
9110
4238
8218
2729
6898
3179
9773
8886
7418
3010
4313
7806
7371
862
8316
7679
3016
2729
4988
2600
387
7908
5620
1093
9844
1959
5776
6369
4067
9875
7790
6998
2048
4293
9979
6287
3203
7208
9300
1869
1407
5430
2985
5249
1974
4465
5721
7482
5800
3861
2653
4311
7708
9477
8498
7945
1075
7520
1312
1235
800
4789
2933
2001
6988
8873
8457
7231
5861
456
3123
2581
2340
5793
8599
2116
4668
428
3516
5551
8529
2108
1938
2566
615
1914
7383
5120
9526
4303
5983
5233
9670
3220
6437
703
644
204
859
3300
1250
5407
1320
6537
2999
2506
2040
3361
262
2319
7660
1088
9527
5814
7525
5494
2815
848
6189
2865
572
4214
6573
4903
5387
8
9199
1036
4623
9880
5924
4625
9898
1254
8881
1312
7153
2424
7170
2127
683
9463
8217
1169
5620
1763
2102
9925
5480
9512
2418
3947
6238
893
5879
9924
2287
5526
1880
7043
5715
2794
6008
6901
5106
2675
1449
9182
4752
4260
2170
6361
1763
1222
9225
5182
6154
9920
7509
9420
5766
280
961
7362
2068
3734
672
3881
4460
2512
1783
8906
1664
4554
678
2215
3572
3901
4761
9240
8496
7576
5082
2828
2278
9879
3887
1580
7965
1611
9417
2
7782
3030
2531
3636
1005
1140
222
8921
4104
5260
4101
97
9930
3411
2437
6302
9731
4591
1558
394
3930
8440
7399
5328
7400
8080
2715
6246
2912
1945
3504
9997
6302
6620
996
7437
8238
9999
496
9675
6052
3638
333
8470
4431
6700
3265
1770
7000
3295
3317
1309
4010
6140
8900
2594
5334
1396
1652
3727
1574
7891
2004
2907
7856
6475
9252
8187
7333
4619
2468
6381
5023
9621
1041
7231
1340
4136
6346
3240
3977
4312
5859
5496
5762
8236
3015
2780
171
94
6191
9093
2425
393
6821
5884
3087
8732
1092
6598
392
8906
9233
8405
2587
9473
3363
2811
1392
1355
2983
2367
3210
4802
7562
5685
9407
7688
3167
3340
2357
6221
3934
307
0
1726
517
4876
4827
6333
6099
7890
6460
2337
1875
3878
3553
6371
1946
3176
6241
4649
287
5262
9317
7898
784
5051
4548
5513
198
8490
6046
7339
3431
8571
8334
1170
4512
5843
3268
1533
4504
7328
7223
8340
5968
5436
4482
7726
1342
6765
6504
8431
6360
5109
291
3782
6301
866
7298
2458
2266
8546
7967
3327
4572
458
3889
778
5952
4784
6219
1752
2294
5106
8889
4692
8304
1220
3223
100
9808
2675
1877
2476
294
9726
346
9186
5791
9509
6612
3605
5027
2220
7742
4782
2303
3863
4870
8878
1519
9551
3499
8332
2692
8541
5357
2603
8495
8818
2193
6783
250
8601
6882
4781
1742
5639
1843
405
3915
6972
2322
1025
5325
2981
3179
9084
8913
8322
5900
3699
4847
2833
9780
9257
5256
1949
7522
1990
3100
3968
77
2844
6973
4846
8204
2717
9608
5583
5365
5697
2365
4630
7488
4031
666
317
8724
1597
7314
5730
9341
8996
4600
5797
9708
3424
5840
7105
628
8083
1560
7604
1693
6305
7664
8569
6036
1257
501
8616
4406
5011
9073
3659
5346
9857
8851
8487
9038
6443
4788
2351
4896
6685
9595
3955
9472
3231
5292
2325
3523
303
7155
9944
1470
9613
2342
5582
3283
684
898
8932
8249
848
6102
865
5748
6980
2270
7599
7723
5690
133
8218
819
2574
9592
6335
9140
6892
1692
5155
7405
7759
9629
1464
3314
8115
8137
3419
4501
116
8426
9588
1859
597
4771
7410
8183
9354
6725
4602
1
7149
6343
6913
660
6747
6492
9139
6446
7803
718
3022
2116
3443
4286
8098
5799
9228
859
6788
1778
9829
4028
6575
435
2441
4623
8598
5734
2273
5976
6452
4656
1555
4769
4209
2050
1820
4317
8963
8134
1840
1988
7676
4313
6909
8287
247
778
3043
31
6171
2906
2222
9773
1878
8142
9142
5360
5588
1402
9273
3410
7789
3665
2418
9118
22
7874
9760
2696
3030
7693
4788
8054
1903
4337
278
6210
3187
6315
1355
3093
9764
8875
2280
3962
6033
1561
1842
6608
7530
3299
5382
7519
1919
6625
5433
7531
4802
8316
4174
8949
5235
8225
5018
5414
1323
5294
536
5778
8364
242
3678
7556
5420
7961
4372
300
6426
5843
2647
6762
2908
4006
8612
2910
2434
1417
2767
193
4672
619
1288
1005
8091
7612
5502
2456
5921
2796
6720
4336
2299
3357
2645
9330
2195
8336
8267
7471
9021
1282
621
4240
8339
7545
8597
457
848
4016
696
1687
1425
1609
9929
7347
8082
9722
3264
5564
5562
5613
8216
8450
3503
6433
1353
7766
4088
8287
6125
2297
6553
917
477
7069
5044
610
9808
4554
6227
5939
5934
2486
2161
2229
3683
1492
314
125
2150
4488
896
2103
9687
9811
9370
7660
6116
6143
8998
7621
2936
9697
5947
5608
2529
7604
6915
9745
2558
3222
9656
105
3019
9211
3750
1906
1881
8059
5076
8705
112
5677
8452
4898
4156
8092
2828
6186
3564
4407
950
5923
9949
4181
425
7020
9316
2079
789
8738
4412
103
9385
2856
6734
7722
4697
8461
9816
5031
722
495
8907
9801
9801
757
4258
5271
239
9566
5326
506
9240
5896
2941
1746
8535
418
8443
6751
9122
8881
4064
8379
5296
4363
1406
4468
4684
773
2212
1334
5752
8054
5561
881
1941
2321
9825
5081
3017
9319
9643
2532
8786
8709
8579
5985
1096
1298
2040
9635
2818
6078
173
3068
5762
8870
4258
9370
54
5109
7121
4130
1669
3683
8476
3504
3364
415
4969
451
2893
6263
2993
2877
7448
4249
2929
5837
9397
4707
3471
4779
9068
9100
1337
5344
2047
3425
8838
401
8913
7057
3572
3363
7912
3534
2710
6893
5190
3099
4736
2233
3813
2427
222
368
4797
1339
5998
5671
7196
7226
8776
2368
8010
4772
1554
9197
8091
8930
7184
280
6395
8110
6659
5459
3889
8889
2288
9243
9214
9015
1942
828
4574
8722
748
7711
9709
2192
958
396
4755
4055
9915
3521
1744
4158
9689
3218
2579
4200
5894
3383
2612
6279
8221
4769
6060
298
1384
9002
7719
7813
5886
4092
3853
3353
9716
407
6615
3710
2615
4974
8437
9023
6070
406
6158
2765
8869
6997
3986
1140
9144
5585
149
7147
5115
3592
5674
372
8799
7838
9222
3679
418
1223
5909
8747
4559
2703
6145
9924
8455
2338
1405
6022
5598
4085
4542
5559
3766
7968
2060
9153
2957
6663
264
9267
4630
4015
2199
2085
9903
3587
8578
6754
1867
2459
9366
3168
2181
9339
2867
8788
6494
8179
1013
1401
4305
5302
7186
3410
3237
5796
3967
1626
2446
5020
4381
5925
9476
9457
9006
6361
4677
5905
2478
4830
3888
1223
1507
8723
2620
2131
1707
4574
3332
2164
324
8247
3117
7260
9258
5786
6868
4383
993
4731
5546
6563
2744
1749
6164
7393
8228
7106
5600
8206
8027
4535
1291
9100
8661
5688
6105
4218
3922
7861
2858
8723
8809
4550
3850
3488
3315
9949
6699
789
2805
7735
623
8573
407
699
7247
9850
1392
1120
5408
8300
7605
5532
6248
7103
1588
1425
6652
6959
2267
6568
6334
9855
7132
6427
5249
1604
3285
6448
7676
110
7623
9327
7227
6458
7907
8310
6853
4537
1869
8016
3325
7012
5932
4008
9533
6875
82
803
3040
2921
393
4090
3317
4738
6618
2111
8865
9930
4684
90
6035
782
1691
5026
3982
8292
7311
984
8988
6789
5078
1745
8234
7402
9747
1466
8206
1344
3978
8634
3250
4921
5964
5706
5553
4121
1109
5258
1802
7827
3548
9612
7774
8749
9403
2504
640
2157
9422
399
3274
8783
7843
2464
5533
1930
707
3113
88
4776
1486
3019
8174
9016
1470
8566
3375
7565
1199
6957
5597
4741
6912
1272
9909
333
5968
1436
9184
2849
5513
81
7255
4482
1527
8630
111
1660
9735
9245
6099
8538
8145
9261
8805
1121
1698
1308
9493
9654
3071
4923
6021
5754
2751
5953
2973
9686
8328
3591
8678
8566
1339
2443
2147
577
4819
1846
2096
9795
2760
8919
2823
5254
8685
3493
1865
8921
5703
5359
1604
2603
2008
3280
4108
2158
3560
5704
6673
9399
5869
4735
9644
188
6308
9016
5470
8270
6125
5572
640
5590
9162
1382
3695
8957
7632
1877
7343
2010
6342
6406
9634
1521
1114
6058
2740
4200
8631
9585
8872
1923
9952
6204
3882
4688
5911
6492
1223
765
9061
3167
4374
75
3823
7347
5588
4587
6649
9368
2870
6003
6917
9263
619
6565
2418
2168
6485
4204
4489
8508
69
28
2059
4708
820
9144
261
3822
6695
6441
5279
7185
8987
4482
9165
677
3923
8
6708
2800
9092
4162
1692
65
781
7894
8782
6029
6850
6172
1188
2788
5147
6694
8410
3440
6362
5064
3161
18
904
5995
2828
6801
9209
680
3354
1135
6554
2917
745
8104
580
475
1789
3810
4905
2914
9939
3908
701
9986
5044
6871
852
8080
7123
1874
4809
8585
30
6004
4232
7642
1647
4661
9213
4845
5589
3150
4768
3703
9400
5101
2832
916
2512
7274
5018
2865
4494
4860
3197
8135
4601
281
3544
8511
6162
6699
3554
9120
4571
1551
7582
235
4455
3569
4933
382
914
5476
621
5659
2262
4751
6735
877
7050
3746
9341
3324
3797
6484
5233
1294
5413
1754
8587
9453
663
1332
5550
1528
3488
9418
2738
3777
8583
1329
7701
6845
2096
7686
2275
5467
3210
4232
1926
6797
3038
5547
7182
2729
1515
9293
3312
4149
588
7355
1839
2397
1895
3158
485
3822
9907
2526
9387
8698
3896
6162
5712
4871
3331
2531
3271
3856
843
4945
2019
9445
6588
10
3175
1990
1415
5222
8715
6729
1638
7073
1696
9006
8981
4567
9038
4909
6929
1749
917
6368
2321
7021
1509
2139
4389
1837
1168
8546
4847
3364
9687
6605
620
8464
237
6770
9584
9380
3085
1715
4236
4836
1806
4456
2096
9225
2364
4295
8834
9080
8442
7953
1324
647
559
202
6502
9958
9527
6505
5664
2823
2248
2354
2707
5396
5054
1241
7075
7645
2677
1583
4701
9962
8842
7241
2667
5749
6975
3741
2647
906
188
1948
8019
9129
6064
7868
6022
8430
3494
2592
7101
2782
9872
4426
778
1186
6362
6746
1664
9041
5422
8496
5851
9300
4790
9564
7116
8049
837
4906
5476
6037
9149
2905
8328
4812
6144
705
5515
5083
3304
9310
9210
677
185
4678
1783
717
7296
5757
6174
7921
6412
4206
9069
3492
7091
6765
8700
8637
1661
839
1478
1117
3458
598
5885
6125
3169
8691
284
8234
1193
6059
7438
1180
243
9563
1950
3679
8296
3152
214
2005
6702
9645
722
6163
833
2289
7948
5986
1625
3700
587
1646
9019
4886
4858
937
9934
93
6358
284
1916
9756
2127
143
8704
498
9988
4165
5039
8727
3493
8083
8665
6671
1650
8973
2097
6741
5313
6581
3957
8400
4388
4518
5930
1569
3916
3506
7230
3829
9681
8365
756
7938
8023
8974
3496
9719
4627
6336
7408
4721
8560
7242
9743
1402
7137
9273
3198
4208
9004
3336
2664
5613
8542
5574
5029
174
3969
9398
7185
3522
1361
4790
1089
9333
8244
890
1518
3837
8140
267
9835
7922
8536
6754
9520
9628
6313
1734
6708
1512
6698
3951
8824
3292
9271
2437
1961
9550
3586
7088
8070
6454
4671
477
6575
4492
1239
5267
6233
9116
483
4628
3279
1516
18
3551
4715
1156
4018
668
5824
6302
8899
5980
5000
4137
8692
8941
3332
6801
7420
2362
4145
3015
9261
2901
3710
1387
5551
7597
2870
2602
164
1106
9585
1571
1442
7615
5897
9456
1386
6125
5510
4843
6094
7564
3810
4607
165
7457
6247
6014
3965
669
6984
5693
4685
9908
7409
9240
631
8642
2328
8091
676
8923
2716
4433
3095
8870
7211
3808
2420
9554
5626
5265
222
4781
9092
7971
3399
4211
8164
4070
8234
9910
6386
5026
3462
5092
5275
1195
4716
3144
6832
485
6297
8652
7311
4841
9413
4942
7977
1701
3223
7647
4004
9565
7549
5415
6476
2028
5801
9458
8252
8348
4788
8148
3999
4017
8446
2137
7670
4709
7379
1851
7422
7928
5842
4416
8271
1183
7145
8667
8846
56
9637
7830
9583
6144
3927
2563
1891
4449
4652
9272
3305
8624
152
492
3691
6557
6956
5242
9455
8808
6759
639
9840
6270
9807
4973
1092
3768
884
6858
5590
796
190
8269
7074
7692
7788
4972
6117
7711
2416
292
3568
231
9950
4875
4965
7903
5744
3900
8326
9146
3931
84
8078
5455
4754
9085
2222
5056
2210
1641
3104
1639
3776
7012
1930
5682
6384
563
7137
349
2214
9961
7256
3073
534
6196
2120
545
59
2190
8101
3377
6562
4194
2500
2393
7243
4108
74
5028
5705
7388
177
2166
7500
3009
4489
2307
5999
7964
7982
6667
3789
2182
6318
5567
9282
8584
5624
6741
3086
7097
8070
141
1344
2216
3865
8828
4898
3909
2452
6830
8704
3659
5648
8788
9468
540
373
3318
4535
6415
3021
8724
968
4636
858
2883
8886
9676
6848
9566
6403
9729
6863
6817
2270
9761
7221
9534
2759
2120
1225
6646
7543
9120
6470
610
4807
1663
6655
6173
1048
3646
4961
5308
5958
691
8084
1584
5190
935
2133
2509
5220
7989
2824
2508
2724
5837
3188
5744
7445
2025
2766
4674
6367
6409
2133
6237
8861
9984
4756
647
8615
1901
1139
3926
4090
7549
2294
6853
7177
9236
3892
6674
3420
3851
8807
7396
9950
4006
2116
8019
6883
2033
9562
4702
4005
5348
5205
4273
335
897
1505
641
6703
7454
3403
5250
6223
560
5749
505
3035
7008
5844
9452
2333
3910
9840
6964
7478
6024
5320
5023
8164
7981
9757
1837
6349
7178
4073
5902
2791
7348
2625
602
8586
2266
1444
8238
1745
2686
5188
4589
8116
4030
5121
2916
4156
7567
8421
9226
2349
1002
2992
6258
8264
6392
5611
4971
1444
1921
8570
4303
6359
3675
419
8760
2059
1347
87
3583
4256
4683
789
8301
9412
3175
9742
9096
9433
7569
2336
830
5204
332
1188
8340
9499
3787
3729
274
9785
248
6228
4767
5447
336
3703
9790
5711
4535
4687
7625
5187
9028
7971
2744
973
7909
910
493
436
809
9154
2358
6499
7293
297
8949
923
1567
1632
376
6210
3870
6443
3940
527
6894
4096
4255
6533
8163
9479
5940
7904
5113
9787
5987
8318
7091
7917
1130
2587
7178
3731
7879
1353
6544
7859
3892
9254
7133
4383
3814
4488
2213
8389
1466
7272
4224
4315
8497
8072
7707
3015
3139
4778
9014
9472
7921
1513
3239
2131
2325
3298
2450
8294
8404
2798
4555
8720
114
4476
5548
9779
430
7658
7146
5031
5904
9506
9292
6960
9704
7289
4000
6954
8540
8903
9931
2680
715
9144
9258
2618
772
9874
5252
1921
2032
8845
844
7978
285
5439
1814
490
2287
1464
2055
2731
2265
7752
9738
4428
1642
4532
348
716
4207
6463
9726
7061
6088
9651
5704
1539
777
77
3140
1494
5479
8538
2187
4892
9449
4458
3603
9757
5775
3203
3374
6806
2688
7041
5284
1719
7719
275
4080
5081
1678
3279
3469
3857
1639
9436
8185
9288
4497
5871
8193
6172
6601
6603
3814
8072
4651
4521
9948
4949
8025
7899
329
3706
6663
4797
927
8923
5333
6929
81
7896
22
2230
2106
3825
8697
789
5996
2300
7593
1422
9362
9043
8020
3391
2075
9512
2876
2036
7080
2964
5158
8426
9181
8703
6976
6562
1125
6725
8078
830
9087
1014
6686
5469
7083
7995
6402
2518
8416
4947
802
545
4346
1561
2421
3845
2940
8148
3001
1443
2843
5465
6220
594
5068
880
7618
2896
8635
8688
7185
9515
2072
415
2691
4039
4385
295
1972
9002
1895
2953
5113
5136
6721
6788
2079
6870
9610
9832
8867
728
1128
5823
2079
4644
6615
4848
1948
4259
9564
6909
1443
3783
1723
6231
8252
3843
5959
5156
6455
433
4741
4897
865
8571
977
9405
9534
4064
7655
5155
7116
8507
3246
1753
1781
4536
7366
5296
51
356
6193
2616
5279
6470
799
3863
3637
7673
5787
1089
349
1518
5006
7196
2188
5261
814
7847
1571
3735
4291
5988
9076
2312
2022
7441
4699
2688
8466
9249
680
5789
4939
344
1256
9548
8789
1160
2614
5003
8419
6188
9946
833
7676
3292
7957
4863
3569
3320
805
9083
8444
9560
8092
826
9820
1099
7869
1425
8324
9719
6221
2291
8747
7627
4697
1646
3850
4372
6017
2095
3380
3260
4769
6455
201
939
1403
4360
5735
659
8816
5937
2166
7536
7835
2291
7569
6304
6437
3173
2839
9035
9213
531
823
1781
6800
6879
2790
4569
7202
2006
9148
5282
5900
4623
5955
703
2108
9161
9167
3379
8634
4829
869
7803
1424
1165
7509
4558
9231
4233
7660
4539
6637
1402
9089
4382
9334
3097
4062
6167
6183
2599
1285
9873
1549
4488
119
6095
4885
1939
6800
9736
2234
6115
6472
2215
7368
1343
2980
4367
1075
2942
60
2272
5043
99
9158
7654
3374
2249
9684
6714
3330
1076
8902
2780
4045
1904
9495
1180
6149
937
6288
9940
5164
5638
6437
940
7123
8388
7796
4934
5968
5865
6553
9675
3113
6839
1303
2132
8404
9045
9208
1932
1651
2936
8760
4110
3112
7772
4035
9917
803
7919
5157
9385
5958
7060
4059
1632
2941
994
6189
883
3561
6505
2722
6865
7514
9094
6808
5112
7329
9555
7466
7312
175
7940
4953
2282
365
6009
2965
1864
685
1231
1824
6540
9417
7528
9109
3809
1131
6822
21
3216
8271
5942
4
6630
921
8455
7147
4170
8502
3133
3224
1195
6245
5658
4351
1528
8008
3155
92
6797
6873
3540
7695
2518
9348
6393
2680
7704
3271
4814
9901
8301
1456
2306
1403
952
1918
7598
2399
3171
8372
1125
1717
574
9187
1038
3695
9817
4625
2328
4109
5782
3519
5833
2890
8333
6699
5595
7555
3761
7139
3527
7326
9737
3524
2265
4137
1890
7078
3913
9169
6028
9766
3416
7135
3981
6093
8935
2297
6617
4348
1717
7675
2386
3125
5771
9917
21
3305
7807
8117
4480
2112
3463
1787
2013
4466
6745
7914
6368
9651
900
1482
1017
5491
4279
2011
1482
6481
1983
3426
1921
3954
3039
4410
6340
9866
2501
5838
3727
5994
9330
9273
4946
9637
1962
120
7215
5434
1672
3083
3940
4080
3684
7716
5996
7056
5948
305
4149
1993
3789
2125
1705
2328
1689
4154
5882
2592
4493
8048
6315
7534
9575
3434
5227
1447
9060
8716
9191
1439
9941
7616
6144
1464
52
7844
4055
975
8976
7564
5314
6527
3322
9590
9579
2046
5297
5739
6527
5643
8116
9738
5660
4538
7727
3440
388
9210
2112
8333
2766
7332
4425
8980
68
525
1487
9810
8695
2668
426
9617
9048
6117
7009
3661
8021
4115
3254
8617
4848
2724
376
1439
3921
9132
3211
8729
4386
6741
1252
761
5755
3889
9146
6082
5593
1335
6839
1908
8128
8201
3000
1817
6057
1633
2419
5409
7332
8350
3660
1116
1173
3870
6145
1373
4719
2323
4105
6716
3498
738
4281
6726
6156
1298
5718
3607
4649
749
2855
7038
2931
3393
8894
4030
9620
6702
7876
6085
44
3619
9706
7472
1066
506
9484
9602
7939
2189
8320
7912
8004
7776
3160
5331
7425
2739
6401
3544
3978
5385
5610
3401
1242
9939
5229
5661
803
4346
2986
8607
505
4937
8972
180
781
9777
3141
6170
142
9653
35
1588
6157
6072
444
4019
3745
7706
7192
8417
6523
1191
6366
7747
7353
6771
8913
7352
1202
3755
365
5493
9037
4202
1523
9384
960
1287
1540
193
758
3233
6913
7273
1425
2203
9499
7234
1672
5806
3451
2848
556
1075
8077
5620
2079
1980
5689
6575
3662
4536
9425
6997
3827
1170
113
7894
4600
4110
8892
3986
9642
6750
694
7052
8970
2284
4622
3570
86
2087
1293
2359
8581
2754
4269
4172
6696
1257
5089
9648
8669
5190
5571
3142
6965
4629
5341
9184
513
6046
9047
4035
2039
1978
5081
8458
2207
192
2419
4509
5461
3540
4224
6718
4917
8240
1359
7375
6159
1082
3123
3742
7707
9361
5897
1161
2677
367
6644
9544
7587
4446
9024
3855
8540
1624
4567
2883
4043
9137
1331
3593
9300
2584
8452
5590
5517
6666
2574
2866
2401
9155
3569
2337
6157
7928
6032
8752
158
9938
9398
6419
3673
9695
8284
9032
9700
1703
1380
9762
4102
5763
4410
9655
8169
3814
1778
1819
2867
4516
9774
4856
402
9500
7817
9099
8148
4923
6817
344
1690
7513
8198
6958
8016
7838
650
6627
2375
9796
7683
6687
1768
939
4935
4758
9635
6369
9036
3616
5333
8522
8680
5176
9513
5222
1156
8812
7972
8731
1528
4675
3632
2556
5939
2922
8317
7293
407
3278
9974
2180
8236
7458
3648
4246
1592
8909
3264
4764
6329
71
6584
1773
2303
7860
8438
3352
6301
7477
2209
7366
1924
8207
3526
1541
6048
2172
4687
5765
5125
9226
1627
5294
3984
6534
1012
5557
1197
1457
6007
3905
8899
8967
7333
245
9605
2270
447
7056
2888
9528
1307
5456
5749
2426
970
1345
9112
3245
5368
5256
6089
5151
8444
8001
5439
7905
9104
4615
6605
712
5991
3890
9883
6333
9327
5799
5811
2832
3076
3603
2629
5959
6807
4621
7488
6017
6930
5668
1141
755
9588
9192
5456
7015
688
5143
9944
1612
1522
2057
199
8432
1363
9914
2442
8142
8406
9249
4943
859
2103
2697
5702
8249
2992
9871
7831
2347
3079
78
2264
1228
1459
1393
7464
6931
6272
726
1211
5188
8333
5688
9178
374
9503
5364
7585
6342
1442
1179
3256
8078
6643
1729
598
672
3393
4617
9570
2135
5069
7612
2211
9987
6180
6538
8731
3808
131
6021
7619
4926
9322
3174
1960
3683
2153
6737
5278
2469
810
4645
9631
6720
9309
6017
8717
7994
4978
5100
8937
9473
5533
4574
8530
6135
795
6117
7143
3912
4802
609
1451
4002
5282
3979
1802
9761
489
9927
2383
9036
5257
8807
8534
2715
1112
7608
8262
9379
2998
7628
97
5972
659
8572
4574
2857
8316
9513
6424
1972
8341
5791
2874
1003
5608
2450
7312
8023
1236
498
6020
8249
7336
1710
1021
2921
7630
7046
1958
6537
8539
3967
1897
3737
3639
5127
5941
1929
7504
1215
1147
7590
6837
4486
2350
3487
5685
200
3467
96
316
4923
5369
7033
8703
8382
7205
3938
9100
6951
2421
9490
2846
8262
2172
232
8581
6920
8903
2396
1508
9919
5448
9838
288
8534
5085
9796
1510
3552
3408
4637
3656
9418
5880
6885
1166
3051
5778
8721
8855
3763
8974
7391
3647
6607
4372
4067
2545
794
4905
5589
6792
5496
7694
524
2943
6362
4752
3780
2165
5993
4694
6436
6543
5609
2689
4044
9436
2255
6117
6934
2907
9147
7848
2272
333
2787
3888
9619
3179
8919
9963
4934
8154
6962
2398
204
8663
1699
3131
5437
1256
9558
399
6334
4713
2468
3994
6259
9068
9508
2943
8563
7218
2374
8831
1629
8338
5522
6490
7454
4208
7364
3663
9940
9386
3572
5308
1086
8587
8662
8904
2407
123
787
498
7713
3207
8661
477
2954
7162
2130
1651
5122
902
3375
1398
6050
5355
8135
8099
2445
2412
6984
3803
4011
9294
3757
4501
8425
8404
4278
6969
524
3441
6465
6482
8481
9622
6302
7389
4239
870
1010
6902
7821
1305
7151
1737
2053
3837
1116
2095
7816
2665
7127
657
1228
9051
5985
129
7373
1512
7272
7256
5320
4132
2832
7236
221
5835
6547
7464
3122
9309
2577
8231
4617
5463
7723
3719
436
8534
8769
6971
7936
4655
6945
9701
942
4741
2470
3094
9238
3493
4960
7309
3024
4645
2240
8071
7057
9651
6821
9293
6817
7467
3657
990
8617
9854
5607
9502
1131
1879
5809
8832
1655
9955
1995
2298
1402
5069
8812
5624
6159
7328
7917
4238
4704
4578
2318
745
8565
518
504
8626
7244
9610
7812
6294
4762
8833
9206
1600
5736
2964
1636
8010
6415
6828
6376
6910
8261
218
2605
9431
9323
1909
7957
2257
9518
7449
7969
7261
4829
7215
6085
3589
8132
9231
1914
1025
2877
2721
199
8222
2898
2220
6558
9803
1595
1468
2149
4800
7297
4662
6609
9170
8722
7927
5234
8203
8598
4217
5001
9274
3060
7537
5110
2225
6236
8682
1119
5343
2925
1447
4243
9427
4187
7886
7337
3841
9267
8184
1492
9403
9412
8676
5076
4367
3539
9331
6411
8821
2208
9933
5134
925
6312
4625
903
1450
630
804
1561
3196
7638
1494
4522
1466
7929
4440
1407
5236
5384
347
9176
4509
2007
3421
8959
3195
5008
9568
8413
969
6164
8453
1029
4295
1669
9572
2795
7921
3769
5295
7982
831
8109
9515
3982
6036
2892
3497
5075
4461
6139
4140
8942
5136
5286
987
2171
7446
8961
5583
9255
5339
7579
7098
4783
4042
6886
6203
3718
9016
8960
4624
6715
2276
4737
3006
3984
6175
9548
551
3235
791
2823
6421
2454
8958
2655
3823
8965
9999
7067
7364
4351
3466
4663
4812
982
2378
9203
3254
7724
7520
6166
4387
1299
1392
3417
2937
4268
440
6933
8291
4900
5913
6598
5046
2622
3285
2199
2369
6684
4883
1392
6922
8064
9961
1206
8535
3591
4627
6757
3466
7740
8389
6483
6341
1938
30
398
2284
4802
4768
7635
7561
4746
9485
6055
8332
7879
9419
5246
6679
6253
2364
459
6628
1027
5176
8767
3045
1379
7876
1636
9385
2623
8171
5526
3309
5518
6192
3272
3375
5251
8634
4143
6760
7007
1572
6854
1171
4004
6974
8539
7705
9875
3190
714
3130
3225
5824
4055
5081
5247
819
4332
5687
810
1007
2785
2576
8711
5489
7905
2225
9046
4553
47
7273
484
964
6145
7565
4087
1419
1485
7431
6865
3754
892
6737
1842
3715
42
7894
2604
906
7626
6031
7980
783
6716
5028
7905
8686
8096
2208
1696
5089
562
7343
3224
8489
7199
6013
5809
8692
4313
384
9854
7119
3644
7328
7144
2978
7804
6907
6968
5545
5475
965
2920
9986
3281
3063
9959
7453
3893
9189
7149
7526
9066
5011
9839
5544
4110
3655
9315
1840
9363
2866
610
420
1042
4037
5219
7781
8047
3481
1882
9149
6898
4091
3669
3962
8956
9483
6377
6677
9372
4221
4528
940
5849
3132
5239
275
3204
9761
7081
8328
6949
5636
2665
8496
5936
2039
5617
3032
4521
5096
2348
6924
4378
8374
6836
7932
5173
7898
921
7150
3293
9138
9266
2773
8183
5659
3231
104
9069
6479
1784
1173
6285
1720
3929
8862
61
7757
4672
399
3341
6885
7857
3700
6473
2886
2389
6129
6312
3295
675
2793
7722
6167
5198
9482
6859
555
4650
7187
390
8224
4197
1469
3541
1372
7511
683
2092
2178
6754
7456
1147
5642
4472
3646
109
6054
4089
2793
9855
2714
5856
2446
8080
9633
5770
6185
9795
1994
6200
4906
2505
6124
1635
890
766
3215
9475
6634
392
7892
8507
129
492
2655
5359
7822
7300
1598
3471
4950
4369
7729
756
5657
7041
375
2480
4823
210
4999
3311
580
5667
569
3221
8766
6802
5035
7464
5671
6457
409
4325
2363
1184
5788
5706
3433
9001
7637
2236
8003
3187
7728
3604
2966
480
8904
4998
6462
9316
9542
682
5085
3369
6144
2050
7835
7052
1007
7142
4877
6156
8913
1128
7050
6445
2112
9484
8757
8454
3128
6816
2555
9758
9216
1919
2566
5951
335
6
2486
5558
8738
5784
6591
4106
8973
3680
9093
6131
1082
9616
9887
9341
4858
7475
6855
4536
7373
5675
4494
5789
8969
9009
6165
5873
1166
9250
4304
4458
9615
3129
8130
805
3247
3074
694
704
1594
3128
3586
5728
2607
5353
951
528
7855
349
7486
5061
1269
4366
5277
3732
4672
628
7075
1438
5368
359
6999
3831
2051
2204
4085
6898
3358
7267
4414
9045
7643
9675
8499
8111
7521
1764
8773
4253
9762
9969
6156
7498
4259
6263
3192
538
8577
6305
4909
5188
9178
5924
9437
2679
8766
6377
269
3690
8642
4407
5771
9349
1758
9551
2174
3985
9057
3042
4420
5658
2257
2846
3775
2534
2487
2962
6177
285
7931
5728
2768
8351
3904
737
2690
1292
4873
863
7759
4380
5319
6869
1614
2541
5230
901
2644
2192
8060
3118
4909
6244
3918
7563
2364
4996
7546
2360
7423
1486
153
3191
2744
5696
3272
4443
3155
2565
7743
6897
8213
104
3774
5047
7566
7867
8545
9595
5762
9410
5998
685
2175
4906
5117
6366
1846
6724
271
7506
5109
8152
8629
415
2939
8120
3362
3701
4707
8481
4827
7862
724
6892
9282
8560
1863
9674
2534
2550
4128
3871
5868
8620
2133
8974
1693
8475
4611
3246
150
3310
8048
3068
7560
5497
5005
8390
675
7110
4287
3772
2265
1465
9703
8592
1511
3718
8037
6687
834
4464
8670
9066
9767
9940
7140
1775
4484
9738
9896
2723
6750
3874
7533
6473
6195
7891
8713
5752
6231
2462
639
714
8075
1552
7559
2667
4549
6581
1226
1446
7682
4999
3097
1064
7223
7058
5777
2475
2744
869
8758
9601
6794
4113
3111
724
7511
5073
1930
9058
7646
8204
6379
6384
1276
5267
9522
5989
2664
4002
7113
561
4221
7267
6428
3333
8616
4014
2598
1261
3477
1816
2757
1175
4265
5561
4254
9198
3528
3945
8077
3230
9530
9643
5108
8596
218
2088
3211
7828
5480
8377
1832
3565
4090
5196
7448
9813
4041
1298
7724
1411
6241
7800
6167
6855
1553
6300
4832
8405
9066
6
9402
4374
6335
3756
1797
6497
9188
4875
2877
7844
7823
524
8116
2577
6236
9705
1131
4117
7259
3365
1268
5945
1323
4881
2029
703
4340
3305
2624
3596
1044
7236
2867
1365
8664
2122
1052
6577
4376
8162
2208
4269
4330
79
2381
4852
4718
9057
7182
6961
310
8067
5216
7884
1336
3327
3300
7865
9547
4531
4687
724
7943
6449
7945
4148
5445
747
3122
7279
6790
623
1453
5113
5939
7041
8345
4071
3195
2405
8794
3743
3611
7003
7703
1645
1115
3256
9854
3882
6640
2951
7382
5854
5330
4323
2939
1369
4475
385
1655
5311
2082
7780
3556
193
763
2688
7555
9412
4144
1573
5861
9438
3314
2971
1946
9410
4815
6478
8270
194
1812
4246
7682
1872
3663
4273
3979
4127
5223
8942
5266
9131
3718
1967
7928
8513
1815
3690
4415
4493
777
2195
786
6437
4835
5807
9831
1225
4925
2315
8888
3570
1836
3866
9319
7351
3154
241
4937
3432
6375
8204
1724
9871
4765
4918
4283
5772
3341
3802
7554
5254
9968
9434
5948
9412
9690
2298
8085
1361
3566
1343
609
813
3550
9406
8995
911
8787
9319
8336
3505
7246
9606
6531
8348
605
7032
5842
7989
8611
6555
7439
5723
7880
3729
1523
6598
8191
3820
6779
6384
6321
3526
6321
3526
3453
2078
2527
7927
6396
5491
5032
1943
1342
9842
2812
2812
2812
2812
4839
9905
2547
5521
6004
9840
3221
4788
2000
7182
4617
5503
8471
3632
6762
3578
6053
5792
6464
2598
5850
1899
2718
2718
1899
8763
3385
4723
9286
8431
4780
4701
7809
4033
8241
9448
2997
271
2730
1520
6521
6543
4009
3606
895
4275
1758
258
258
1758
3519
4143
4069
6040
7377
7316
4903
8482
2054
7078
904
8631
8041
2795
9388
3689
8327
8909
447
495
6173
6268
8442
2031
3522
514
1307
7991
3702
8010
9338
7911
7654
1635
4200
2100
6665
8189
6573
1936
4099
4209
7604
5364
3722
8132
4398
5766
1265
3265
1631
1
8
8
1
5249
1772
8759
2417
6278
3721
5499
6033
6014
5291
3811
3618
5242
824
355
6707
2563
1386